/tmp/deng279_ctrace.dat
118.947 0
432.297 4096
745.703 8192
1059.062 16384
1372.523 20480
1685.718 24576
1998.874 28672
2312.289 32768
2625.568 36864
2939.135 40960
3252.542 45056
3566.170 45056
3879.587 49152
4192.978 53248
4506.344 53248
4819.679 53248
5132.990 57344
5446.518 57344
5759.642 57344
6073.091 61440
6386.724 61440
6700.273 61440
7013.826 65536
7327.185 65536
7640.621 65536
7954.270 65536
8267.910 65536
8581.519 65536
8894.893 69632
9208.431 69632
9521.919 69632
9835.596 69632
10149.263 69632
10462.612 69632
10775.953 69632
11089.110 69632
11402.270 69632
11715.439 69632
12028.594 69632
12342.229 69632
12655.774 69632
12969.088 69632
13282.585 69632
13595.972 73728
13909.306 73728
14222.787 73728
14536.249 69632
14849.732 69632
15163.383 69632
15476.749 69632
15790.273 69632
16103.787 69632
16417.155 69632
16730.547 69632
17044.146 69632
17357.830 69632
17671.466 69632
17984.913 69632
18298.560 69632
18612.207 69632
18925.596 69632
19239.098 69632
19552.450 69632
19865.946 69632
20179.576 69632
20493.025 69632
20806.408 69632
21119.917 69632
21433.436 69632
21746.955 69632
22060.425 69632
22373.751 65536
22687.182 65536
23000.495 65536
23314.018 65536
23627.659 65536
23941.343 65536
24254.958 65536
24568.585 65536
24881.993 65536
25195.499 65536
25509.160 65536
25822.662 65536
26136.204 65536
26449.592 65536
26763.204 65536
27076.613 65536
27389.938 65536
27703.379 61440
28016.769 61440
28330.116 61440
28643.460 61440
28957.131 61440
29270.755 61440
29584.435 61440
29898.050 61440
30211.515 61440
30524.890 61440
30838.267 61440
31151.656 61440
31465.161 57344
31778.796 57344
32092.475 57344
32406.103 57344
32719.482 57344
33032.927 57344
33346.541 57344
33660.222 57344
33973.579 57344
34286.924 57344
34600.315 57344
34913.803 57344
35227.286 57344
35540.725 57344
35854.226 57344
36167.763 57344
36481.076 53248
36794.461 53248
37107.808 53248
37421.446 53248
37734.814 53248
38048.342 53248
38361.819 53248
38675.304 53248
38988.669 53248
39302.259 53248
39615.894 53248
39929.239 53248
40242.650 53248
40556.032 53248
40869.463 53248
41182.895 53248
41496.214 53248
41809.765 49152
42123.269 49152
42436.950 49152
42750.315 49152
43063.675 49152
43377.170 49152
43690.666 49152
44004.178 49152
44317.766 49152
44631.404 49152
44945.073 49152
45258.565 49152
45572.101 49152
45885.479 49152
46198.811 49152
46512.471 49152
46825.894 45056
47139.501 45056
47453.183 45056
47766.804 45056
48080.296 45056
48393.935 45056
48707.281 45056
49020.672 45056
49334.162 45056
49647.669 45056
49961.317 45056
50274.814 45056
50588.337 45056
50901.978 45056
51215.324 45056
51528.952 45056
51842.355 45056
52156.046 45056
52469.682 45056
52783.186 45056
53096.598 45056
53410.161 45056
53723.549 45056
54036.809 45056
54350.447 45056
54664.161 45056
54977.496 45056
55290.785 45056
55604.460 45056
55918.103 45056
56231.782 45056
56545.425 45056
56859.061 45056
57172.493 45056
57485.831 45056
57799.201 45056
58112.521 45056
58426.008 45056
58739.555 45056
59053.197 45056
59366.873 45056
59680.267 45056
59993.631 45056
60307.122 45056
60620.772 45056
60934.266 45056
61247.945 45056
61561.578 45056
61874.974 45056
62188.287 45056
62501.892 45056
62815.497 45056
63129.048 45056
63442.737 45056
63756.373 45056
64070.011 45056
64383.405 45056
64696.752 45056
65010.091 45056
65323.705 45056
65637.344 45056
65951.027 45056
66264.486 49152
66577.788 45056
66891.150 40960
